13
1.0 0.0 0.0 0.0 0.0 0.0 0.0 0.0 0.0 0.0 0.0 0.0 0.0
0.0 -2.6645352591003757E-15 0.0 0.0 8.881784197001252E-16 0.0 1.301042606982605E-15 0.0 0.0 0.0 0.0 0.0 0.0
0.0 0.0 1.7763568394002505E-15 0.0 8.881784197001252E-16 0.0 0.0 -1.7347234759768073E-15 0.0 0.0 0.0 0.0 0.0
0.0 0.0 0.0 -20.0 0.0 10.0 10.0 0.0 0.0 0.0 0.0 0.0 0.0
0.0 8.881784197001252E-16 8.881784197001252E-16 0.0 -20.0 0.0 9.999999999999996 10.000000000000004 0.0 0.0 0.0 0.0 0.0
0.0 0.0 0.0 10.0 0.0 -9.999999999999996 -1.301042606982605E-15 0.0 -8.881784197001252E-16 0.0 0.0 0.0 0.0
0.0 1.301042606982605E-15 0.0 10.0 9.999999999999996 -1.301042606982605E-15 -20.0 -1.3010426069826045E-15 -8.881784197001252E-16 8.881784197001252E-16 0.0 1.301042606982605E-15 0.0
0.0 0.0 -1.7347234759768073E-15 0.0 10.000000000000004 0.0 -1.3010426069826045E-15 -10.0 0.0 8.881784197001252E-16 0.0 0.0 -1.7347234759768073E-15
0.0 0.0 0.0 0.0 0.0 -8.881784197001252E-16 -8.881784197001252E-16 0.0 -20.000000000000007 0.0 10.000000000000004 10.000000000000004 0.0
0.0 0.0 0.0 0.0 0.0 0.0 8.881784197001252E-16 8.881784197001252E-16 0.0 -20.000000000000007 0.0 10.0 10.000000000000005
0.0 0.0 0.0 0.0 0.0 0.0 0.0 0.0 10.000000000000004 0.0 -10.000000000000002 -1.7347234759768073E-15 0.0
0.0 0.0 0.0 0.0 0.0 0.0 1.301042606982605E-15 0.0 10.000000000000004 10.0 -1.7347234759768073E-15 -20.0 -1.7347234759768073E-15
0.0 0.0 0.0 0.0 0.0 0.0 0.0 -1.7347234759768073E-15 0.0 10.000000000000005 0.0 -1.7347234759768073E-15 -10.000000000000004
